4790063316e33096
4790063316e33096
4790063316e33096
4790063316e33096
4790063316e33096
4790063316e33096
4790063316e33096
4790063316e33096
4790063316e33096
4790063316e33096
4790063316e33096
4790063316e33096
4790063316e33096
4790063316e33096
4790063316e33096
4790063316e33096
4790063316e33096
4790063316e33096
4790063316e33096
4790063316e33096
4790063316e33096
4790063316e33096
4790063316e33096
4790063316e33096
4790063316e33096
4790063316e33096
4790063316e33096
4790063316e33096
4790063316e33096
4790063316e33096
4790063316e33096
4790063316e33096
4790063316e33096
4790063316e33096